PROPIEDADES: 


                                 Porcentajes             Importes                
CPd.   Nombre Propietario        %E   %G   %C       E.      G.      C.         Total
------------------------------------------------------------------------------------------------------------
0-A    Maria Gutierrez           8    0    0        390.88  0.0     0.0        390,88
0-B    Miguel Palacios           9    0    0        439.74  0.0     0.0        439,74
0-C    Nuria Mas                 9    0    0        439.74  0.0     0.0        439,74
1-A    Ricardo Torres            9    0    12       439.74  0.0     549.6      989,34
1-B    Tomas Asensio             10   0    14       488.6   0.0     641.2      1129,8
1-C    Enrique Alos              10   0    14       488.6   0.0     641.2      1129,8
2-A    Jorge Salas               15   0    20       732.9   0.0     916.0      1648,9
2-B    Jaime Rodriguez           15   0    20       732.9   0.0     916.0      1648,9
2-C    Nestor Crespo             15   0    20       732.9   0.0     916.0      1648,9
P01    Paula Cabos               0    10   0        0.0     33.6    0.0        33,6
P02    Juan Tenorio              0    10   0        0.0     33.6    0.0        33,6
P03    Jorge Salas               0    10   0        0.0     33.6    0.0        33,6
P04    Jaime Rodriguez           0    10   0        0.0     33.6    0.0        33,6
P05    Nestor Crespo             0    10   0        0.0     33.6    0.0        33,6
P06    Maria Gutierrez           0    10   0        0.0     33.6    0.0        33,6
P07    Pedro Navarra             0    10   0        0.0     33.6    0.0        33,6
P08    Sergio Briban             0    10   0        0.0     33.6    0.0        33,6
P09    Carlos Escudero           0    10   0        0.0     33.6    0.0        33,6
P10    Ruben Palencia            0    10   0        0.0     33.6    0.0        33,6
------------------------------------------------------------------------------------------------------------
Propiedades: 20                 100  100  100      4886    336     4580       9802

//////////////////////////////////////////////////////////////////////////////////////////////////////////////////////////////////

PORCENTAJES POR PROPIETARIOS: 


                                 Porcentajes             Importes                
Cd.    Nombre Propietario        %E   %G   %C       E.      G.      C.         Total
------------------------------------------------------------------------------------------------------------
01     Jorge Salas               15   10   20       732.9   33.6    916.0      1682,5
02     Jaime Rodriguez           15   10   20       732.9   33.6    916.0      1682,5
03     Nestor Crespo             15   10   20       732.9   33.6    916.0      1682,5
04     Maria Gutierrez           8    10   0        390.88  33.6    0.0        424,48
05     Miguel Palacios           9    0    0        439.74  0.0     0.0        439,74
06     Nuria Mas                 9    0    0        439.74  0.0     0.0        439,74
07     Ricardo Torres            9    0    12       439.74  0.0     549.6      989,34
08     Tomas Asensio             10   0    14       488.6   0.0     641.2      1129,8
09     Enrique Alos              10   0    14       488.6   0.0     641.2      1129,8
10     Pedro Navarra             0    10   0        0.0     33.6    0.0        33,6
11     Sergio Briban             0    10   0        0.0     33.6    0.0        33,6
12     Carlos Escudero           0    10   0        0.0     33.6    0.0        33,6
13     Ruben Palencia            0    10   0        0.0     33.6    0.0        33,6
14     Paula Cabos               0    10   0        0.0     33.6    0.0        33,6
15     Juan Tenorio              0    10   0        0.0     33.6    0.0        33,6
------------------------------------------------------------------------------------------------------------
Propietarios: 15                100  100  100      4886    336     4580       9802